"WOJCEL"
0.055159770413826664
0.010821856873173420
0.488607599135594262
0.968495426406336124
0.344683627911282209
0.981903929680047471
0.131502714850068536
0.054760875997657076
0.683680078153021897
0.970159946276525242
0.829787145785319091
0.957192297301952100
0.107506572856121516
0.915238371960188646
0.975409480380312055
0.029389814921281090
0.238678747328182006
0.993389489881776111
0.315793261320581831
0.014791229314563196
0.270774803975282696
0.017161988571783311
0.041227292730513225
0.860952776395733865
0.914442707714358538
0.982379147432560051
0.612526306557349520
0.144868399934134973
0.369259157190053811
0.020915840299500343
0.053553841173447241
0.799657635768450059
0.959133487510696825
0.102588942551768966
0.929723254112108322
0.091592875383149211
0.784353477104525965
0.982438823679185780
0.941457949800491578
0.954840295404352224
0.562833025450290347
0.864393778666911028
0.764416806196523080
0.965247218877574586
0.176666431681815062
0.982673202240492039
0.034211001009348055
0.899796430630637745
0.056126117757600916
0.363774849679423196
0.982659133088277459
0.477276628346829157
0.104715936920269814
0.822395392054605545
0.964017307633711518
0.040917226218041523
0.979541562120798126
0.277021840447595868
0.962799265870530330
0.033301880385209974
0.987750799559566794
0.035188544436851238
0.434169027985911393
0.714974709481530635
0.947134168780529917
0.460178434945634707
0.119594486088513807
0.847246468238720518
0.577691662952887985
0.762323568960745157
0.927906998016772566
0.122432891033811470
0.986465824833009708
0.828250249903912716
0.617972167312292764
0.140149784739143718
0.873090177217060948
0.531576232428307982
0.990339608821397710
0.077577741696039995
0.220244369229833870
0.941068937455333154
0.220684116256510021
0.992349734836547537
0.661969315159999572
0.786012345312454896
0.751913392238027778
0.658089268956787543
0.893282634511334606
0.945473907247110001
0.344504115095282337
0.018642495640066509
0.075702640998497814
0.119608506983694005
0.765866376286926887
0.055580147429873772
0.299444224094724099
0.475226744770279708
0.827068237783533555
0.694342815427688720
0.106526077629870958
0.580787012489994203
0.227010842252518996
0.953755010725062413
0.040710692886700053
0.844874406311088677
0.924358539650925515
0.701135354714140457
0.987953949533178610
0.985965954079648710
0.932706549049832079
0.806017478355578132
0.377471563052870496
0.046652706986127487
0.013475119032145984
0.201888331652646968
0.953511891615907659
0.037097025728799325
0.889030621209416450
0.053144822264801841
0.077213777971160594
0.831444488414969762
0.982376111483961201
0.310844706654121894
0.691953381041685245
0.986560435585505435
0.016399922773674414
0.025652877260893825
0.972513221991338717
0.544146343155021750
0.949690620881351144
0.183009952583107954
0.137752573540993073
0.963145280393580383
0.048537658307326113
0.979990688627682682
0.540854810001446418
0.950154023543696269
0.760232831626163175
0.052410165185609821
0.270720709744831478
0.815067242448191842
0.985707728050171927
0.150731676056492681
0.110995323331161841
0.971110205634638901
0.303938282134538218
0.045425075649976492
0.024398758382922631
0.099687747298738721
0.840782420843384060
0.087414796324038341
0.979140092125194261
0.047227746406803037
0.123164046759771467
0.303745547461401921
0.990126904674313857
0.937476990077657835
0.204927493604502381
0.362896884871920455
0.902874879168070188
0.963264689113685679
0.341108394868351206
0.054209655736774609
0.018312448280106169
0.059197064736534633
0.209557720416846949
0.992975043932918799
0.061709022021216517
0.144823007921696029
0.969954622716891257
0.875225729607009173
0.409286663714564958
0.117279122024455576
0.253201045576930461
0.930047268979330433
0.871115844892940916
0.016191412287119459
0.932195487217288732
0.033834171727496296
0.916151576875479212
0.117144569236293725
0.951559266191582043
0.593861178902543196
0.067236338643998625
0.336051191705993291
0.355874660205556637
0.098749529040047176
0.062120170449256239
0.033254841791754586
0.793285174889004518
0.991143738800459251
0.031625436916959147
0.300570725012962225
0.061255226799406558
0.976642908433371648
0.040903183381992232
0.974295673026738251
0.109970379482554892
0.018465215743489853
0.044423133772931861
0.913363534751199913
0.927234006205969075
0.863489045885603823
0.175460916663683214
0.007544064323228083
0.900384085293404302
0.986916000741724031
0.896866047067942707
0.400660907742775518
0.052943135052244773
0.042769145599361187
0.041261749735007590
0.043043237782420064
0.016139695619528563
0.144081665290615113
0.985675639116567415
0.987551273823046971
0.018293297865601018
0.047631907437683779
0.949455124699982611
0.961940713491970523
0.163431075443442431
0.090953911579977398
0.124090041050031435
0.358226823395557115
0.012141077599623637
0.066678158470198035
0.143889039823941245
0.886985215823360540
0.308966690282406475
0.016728555023748624
0.913542237349369457
0.450482741806339404
0.881323641256857582
0.865288910402737033
0.331920629751177698
0.381986081283425871
0.439811164218666506
0.980871844171256835
0.466676445274455121
0.084360756752919694
0.962489626647659802
0.260772655740468262
0.017507944327707671
0.984306057525922373
0.979152894639518823
0.055973599848616266
0.150493243479324523
0.887282932584877226
0.667146351089476619
0.173800948052635157
0.014673136166485821
0.249008333003717136
0.028451597303792993
0.960991277223753770
0.353531340594390897
0.020467479009353869
0.964454160583483544
0.985499090406944167
0.933835023500009909
0.994548438391262057
0.989113227334015632
0.040354158672333169
0.942215744542080236
0.804699242261908698
0.139004421843057724
0.136058345534619818
0.962642095439420586
0.019667225503388685
0.891406453210089267
0.810250084363998702
0.012971742376823582
0.198603348594237089
0.041610546308605799
0.207392508002259252
0.930194371677065424
0.597380910723452452
0.704018263046757520
0.976224187802101628
0.661354346642177626
0.183362719106043792
0.482242148238498591
0.935963691708645795
0.987455030934623834
0.389549300108508023
0.063375904321319079
0.789354427622098398
0.918395895367017601
0.121581416611649507
0.068277530782901649
0.046687215919893540
0.849589721322625779
0.982150876138868090
0.981122495970279895
0.931284655911701065
0.102140241803561183
0.529476459968166280
0.938730016630839548
0.383244511045861824
0.035747201344202825
0.079801200241940928
0.890237766300646105
0.891972125163597140
0.533421658144226263
0.985965128847199446
0.308294971917927707
0.861028191647884023
0.956816295770335667
0.039422599883492608
0.737389191716687376
0.957253826035095901
0.332027879148446003
0.636162702127198609
0.990432031443022387
0.087014650717168004
0.264213270460684269
0.026795636052293025
0.982820563856685703
0.520471800874118928
0.005591618215712281
0.042177472759756383
0.552927135396590774
0.982846527905084200
0.198197748139778668
0.033030904420232078
0.025321952036614487
0.451318493776950380
0.820557792590646651
0.104985943343990237
0.993172161774354412
0.982386310794510442
0.979863360356926227
0.961989369159282348
0.011282329984822126
0.935781040533903319
0.037114877168484807
0.040439716509309040
0.634608622683645263
0.978356495854072694
0.199871387982113097
0.011472650431744254
0.989086234458617652
0.046749644566841997
0.539450973871591577
0.117242624516961838
0.050280832108881318
0.467862445492328916
0.933234041915475654
0.744701670609283939
0.069498646985252266
0.990076275892219027
0.064170399156479471
0.010234669456060129
0.039416848818899501
0.051308478448594215
0.978984330584858786
0.428532979060270602
0.928362613105209733
0.020186778421431208
0.035337058953585229
0.023712552303762117
0.927880518212847560
0.209563695124427629
0.827270937855941746
0.357834293812332671
0.086251520544327595
0.292995593592685233
0.963942251557029617
0.974480237515995218
0.051452138343759314
0.041500520134443018
0.383728290169295494
0.166552980821379176
0.607912841404988469
0.922258864017210911
0.974566382354380978
0.969851990395575680
0.056726568676402522
0.988647900104106192
0.020634508723426748
0.671904031443414262
0.927633308784093336
0.935358688909350255
0.791939603361445532
0.843636329729390622
0.044492216231179764
0.956308567009987787
0.060121203005164672
0.119155383871118889
0.929899778207225802
0.081058596330236446
0.985133089445939247
0.507704355435671495
0.965805239413567551
0.875317492180363033
0.979643848262149675
0.483206512966778634
0.082510248479729237
0.238627755257247776
0.807391306313592572
0.454684637098727029
0.142930834178570387
0.836365320990649419
0.992672744578216082
0.089803340699333656
0.097808858571519761
0.989670153838080435
0.963096787883368610
0.076147500632914492
0.135203156293601634
0.992590085668416555
0.983135851433546759
0.133943649540755438
0.222325859560919159
0.912928829545960219
0.907206402778432675
0.211710828651248767
0.956781594146384529
0.896911018247588121
0.742309619007580301
0.184703313919552331
0.911720128187142875
0.312883641689693737
0.635951231776321624
0.669942944079701896
0.045154645714419989
0.251906120884265616
0.510061357109973135
0.420151011922633766
0.211804572292229126
0.905138272641455632
0.082692754770722590
0.061957069379353927
0.828667687276740672
0.725397295330674319
0.594749777865878015
0.910406638207285179
0.010325881120309133
0.010683736685256866
0.946016331866767701
0.250740719063124229
0.969413479444874215
0.023922553586271392
0.041594609146672387
0.765351104079603051
0.954686164070700061
0.966553138828686098
0.476640667401640794
0.789371497627211149
0.594223295029197018
0.929268397221413855
0.894376196144039293
0.775009042839664763
0.078281095650555577
0.042489619289000274
0.666612978699979375
0.171946703933981426
0.957381011368517165
0.271578544186261039
0.383041194740159352
0.057585265781671641
0.043852923855179950
0.086472665617993091
0.811854143033150510
0.068348169698957309
0.707461665395713535
0.988039040449886774
0.944341036560692459
0.020151820726826086
0.880842165030322422
0.869553699186729645
0.306297917831167554
0.052330529575646163
0.819655376147254922
0.977855150095941150
0.403026763802209254
0.487069749868459578
0.162384345232909594
0.980872108074617666
0.242626775550615431
0.991939265444435225
0.723196163507964784
0.983818149511548112
0.166574757348907809
0.779965017737496047
0.942301402727755644
0.070248644527453732
0.473205199795035281
0.877084159183450840
0.079216130519979111
0.386943912175019056
0.960585450914424155
0.756259058643063087
0.890999398314256674
0.984491500724094415
0.911737349643039208
0.969154463738614913
0.984510250368798689
0.156265866949691495
0.259511512925322319
0.324544311021577103
0.074206887712454664
0.038507921971322995
0.957303457828466708
0.111776637205606696
0.796789123658139808
0.858511131280401463
0.985464741648364284
0.853554694145835957
0.042152445608934046
0.228045695343972760
0.458366793138779094
0.334211720414433311
0.147969114914172334
0.068937567994756657
0.268192927186938324
0.049065962446875992
0.666221977269383703
0.978925688801218774
0.936608640107867152
0.953588142631469959
0.693495108008772898
0.653485348802143595
0.919639670205139592
0.037253906575716048
0.972019884268481738
0.105273086755404088
0.865114690054003654
0.015407242672095318
0.839702738643249291
0.983344306515951394
0.937658332613401702
0.523182827395966110
0.563150450371180500
0.630776499740129948
0.990884513483237250
0.989931882472107283
0.057974865832832310
0.795873258118264593
0.024865191232317063
0.129487279320239818
0.349918241527582219
0.057437309343116298
0.020012280718952415
0.914949499058336113
0.057419291199066483
0.884786947507183896
0.182167072148125664
0.024304718476173211
0.238795130882547918
0.101527664824510200
0.786974290540206400
0.068953010732752520
0.740009926884405478
0.183453465652860415
0.822025657019627931
0.979614906154123055
0.042471467881380925
0.925841104791002567
0.926084789997353108
0.073134864799645760
0.812780463067342307
0.810213215263307807
0.607285255546801461
0.099136346090470229
0.977204499770212065
0.115696783610791984
0.672953919630249309
0.838264521887412961
0.405245696850229209
0.927481655628947910
0.118031719603178695
0.032942118148493585
0.437333228204029312
0.075111120784243798
0.935432113108053520
0.881602131549386603
0.836524988510342737
0.056719357474503788
0.125195013865412791
0.967462136318142041
0.060334602893326379
0.032353013716107062
0.793233721332282204
0.908942533084965976
0.966603486189384742
0.481197623462933766
0.747040370959325739
0.022293444956839607
0.037918126469075962
0.975722376186821116
0.078078731942783752
0.060490400144387786
0.409642479109592950
0.958754635485579709
0.146863437755768766
0.975067980333923279
0.960676308286149028
0.011042217440460302
